SampleID	EnvID	ExpID	PotID	Time	Cultivar	PlateID
1	1	5	1	22	Kos	8
2	1	5	1	1	Kos	8
3	1	5	1	4	Kos	8
4	1	5	1	7	Kos	8
5	1	5	1	10	Kos	8
6	1	5	1	13	Kos	8
7	1	5	1	16	Kos	8
8	1	5	1	19	Kos	8
9	1	5	1	22	Tak	8
10	1	5	1	1	Tak	8
11	1	5	1	4	Tak	8
12	1	5	1	7	Tak	8
13	1	5	1	10	Tak	8
14	1	5	1	13	Tak	8
15	1	5	1	16	Tak	8
16	1	5	1	19	Tak	8
17	2	5	21	22	Kos	8
18	2	5	21	1	Kos	8
19	2	5	21	4	Kos	8
20	2	5	21	7	Kos	8
21	2	5	21	10	Kos	8
22	2	5	21	13	Kos	8
23	2	5	21	16	Kos	8
24	2	5	21	19	Kos	8
25	2	5	21	22	Tak	8
26	2	5	21	1	Tak	8
27	2	5	21	4	Tak	8
28	2	5	21	7	Tak	8
29	2	5	21	10	Tak	8
30	2	5	21	13	Tak	8
31	2	5	21	16	Tak	8
32	2	5	21	19	Tak	8
33	3	5	3	22	Kos	8
34	3	5	3	1	Kos	8
35	3	5	3	4	Kos	8
36	3	5	3	7	Kos	8
37	3	5	3	10	Kos	8
38	3	5	3	13	Kos	8
39	3	5	3	16	Kos	8
40	3	5	3	19	Kos	8
41	3	5	3	22	Tak	8
42	3	5	3	1	Tak	8
43	3	5	3	4	Tak	8
44	3	5	3	7	Tak	8
45	3	5	3	10	Tak	8
46	3	5	3	13	Tak	8
47	3	5	3	16	Tak	8
48	3	5	3	19	Tak	8
49	4	5	4	22	Kos	9
50	4	5	4	1	Kos	9
51	4	5	4	4	Kos	9
52	4	5	4	7	Kos	9
53	4	5	4	10	Kos	9
54	4	5	4	13	Kos	9
55	4	5	4	16	Kos	9
56	4	5	4	19	Kos	9
57	4	5	4	22	Tak	9
58	4	5	4	1	Tak	9
59	4	5	4	4	Tak	9
60	4	5	4	7	Tak	9
61	4	5	4	10	Tak	9
62	4	5	4	13	Tak	9
63	4	5	4	16	Tak	9
64	4	5	4	19	Tak	9
65	5	5	5	22	Kos	9
66	5	5	5	1	Kos	9
67	5	5	5	4	Kos	9
68	5	5	5	7	Kos	9
69	5	5	5	10	Kos	9
70	5	5	5	13	Kos	9
71	5	5	5	16	Kos	9
72	5	5	5	19	Kos	9
73	5	5	5	22	Tak	9
74	5	5	5	1	Tak	9
75	5	5	5	4	Tak	9
76	5	5	5	7	Tak	9
77	5	5	5	10	Tak	9
78	5	5	5	13	Tak	9
79	5	5	5	16	Tak	9
80	5	5	5	19	Tak	9
81	6	6	1	22	Kos	9
82	6	6	1	1	Kos	9
83	6	6	1	4	Kos	9
84	6	6	1	7	Kos	9
85	6	6	1	10	Kos	9
86	6	6	1	13	Kos	9
87	6	6	1	16	Kos	9
88	6	6	1	19	Kos	9
89	6	6	1	22	Tak	9
90	6	6	1	1	Tak	9
91	6	6	1	4	Tak	9
92	6	6	1	7	Tak	9
93	6	6	1	10	Tak	9
94	6	6	1	13	Tak	9
95	6	6	1	16	Tak	9
96	6	6	1	19	Tak	9
97	7	4	24	22	Kos	9
98	7	4	24	1	Kos	9
99	7	4	24	4	Kos	9
100	7	4	24	7	Kos	9
101	7	4	24	10	Kos	9
102	7	4	24	13	Kos	9
103	7	4	24	16	Kos	9
104	7	4	24	19	Kos	9
105	7	4	24	22	Tak	9
106	7	4	24	1	Tak	9
107	7	4	24	4	Tak	9
108	7	4	24	7	Tak	9
109	7	4	24	10	Tak	9
110	7	4	24	13	Tak	9
111	7	4	24	16	Tak	9
112	7	4	24	19	Tak	9
113	8	4	25	22	Kos	9
114	8	4	25	1	Kos	9
115	8	4	25	4	Kos	9
116	8	4	25	7	Kos	9
117	8	4	25	10	Kos	9
118	8	4	25	13	Kos	9
119	8	4	25	16	Kos	9
120	8	4	25	19	Kos	9
121	8	4	25	22	Tak	9
122	8	4	25	1	Tak	9
123	8	4	25	4	Tak	9
124	8	4	25	7	Tak	9
125	8	4	25	10	Tak	9
126	8	4	25	13	Tak	9
127	8	4	25	16	Tak	9
128	8	4	25	19	Tak	9
129	9	4	26	22	Kos	10
130	9	4	26	1	Kos	10
131	9	4	26	4	Kos	10
132	9	4	26	7	Kos	10
133	9	4	26	10	Kos	10
134	9	4	26	13	Kos	10
135	9	4	26	16	Kos	10
136	9	4	26	19	Kos	10
137	9	4	26	22	Tak	10
138	9	4	26	1	Tak	10
139	9	4	26	4	Tak	10
140	9	4	26	7	Tak	10
141	9	4	26	10	Tak	10
142	9	4	26	13	Tak	10
143	9	4	26	16	Tak	10
144	9	4	26	19	Tak	10
145	10	5	7	22	Kos	10
146	10	5	7	1	Kos	10
147	10	5	7	4	Kos	10
148	10	5	7	7	Kos	10
149	10	5	7	10	Kos	10
150	10	5	7	13	Kos	10
151	10	5	7	16	Kos	10
152	10	5	7	19	Kos	10
153	10	5	7	22	Tak	10
154	10	5	7	1	Tak	10
155	10	5	7	4	Tak	10
156	10	5	7	7	Tak	10
157	10	5	7	10	Tak	10
158	10	5	7	13	Tak	10
159	10	5	7	16	Tak	10
160	10	5	7	19	Tak	10
161	11	4	28	22	Kos	10
162	11	4	28	1	Kos	10
163	11	4	28	4	Kos	10
164	11	4	28	7	Kos	10
165	11	4	28	10	Kos	10
166	11	4	28	13	Kos	10
167	11	4	28	16	Kos	10
168	11	4	28	19	Kos	10
169	11	4	28	22	Tak	10
170	11	4	28	1	Tak	10
171	11	4	28	4	Tak	10
172	11	4	28	7	Tak	10
173	11	4	28	10	Tak	10
174	11	4	28	13	Tak	10
175	11	4	28	16	Tak	10
176	11	4	28	19	Tak	10
177	12	5	8	22	Kos	10
178	12	5	8	1	Kos	10
179	12	5	8	4	Kos	10
180	12	5	8	7	Kos	10
181	12	5	8	10	Kos	10
182	12	5	8	13	Kos	10
183	12	5	8	16	Kos	10
184	12	5	8	19	Kos	10
185	12	5	8	22	Tak	10
186	12	5	8	1	Tak	10
187	12	5	8	4	Tak	10
188	12	5	8	7	Tak	10
189	12	5	8	10	Tak	10
190	12	5	8	13	Tak	10
191	12	5	8	16	Tak	10
192	12	5	8	19	Tak	10
193	13	5	9	22	Kos	10
194	13	5	9	1	Kos	10
195	13	5	9	4	Kos	10
196	13	5	9	7	Kos	10
197	13	5	9	10	Kos	10
198	13	5	9	13	Kos	10
199	13	5	9	16	Kos	10
200	13	5	9	19	Kos	10
201	13	5	9	22	Tak	10
202	13	5	9	1	Tak	10
203	13	5	9	4	Tak	10
204	13	5	9	7	Tak	10
205	13	5	9	10	Tak	10
206	13	5	9	13	Tak	10
207	13	5	9	16	Tak	10
208	13	5	9	19	Tak	10
209	14	5	10	22	Kos	11
210	14	5	10	1	Kos	11
211	14	5	10	4	Kos	11
212	14	5	10	7	Kos	11
213	14	5	10	10	Kos	11
214	14	5	10	13	Kos	11
215	14	5	10	16	Kos	11
216	14	5	10	19	Kos	11
217	14	5	10	22	Tak	11
218	14	5	10	1	Tak	11
219	14	5	10	4	Tak	11
220	14	5	10	7	Tak	11
221	14	5	10	10	Tak	11
222	14	5	10	13	Tak	11
223	14	5	10	16	Tak	11
224	14	5	10	19	Tak	11
225	15	5	11	22	Kos	11
226	15	5	11	1	Kos	11
227	15	5	11	4	Kos	11
228	15	5	11	7	Kos	11
229	15	5	11	10	Kos	11
230	15	5	11	13	Kos	11
231	15	5	11	16	Kos	11
232	15	5	11	19	Kos	11
233	15	5	11	22	Tak	11
234	15	5	11	1	Tak	11
235	15	5	11	4	Tak	11
236	15	5	11	7	Tak	11
237	15	5	11	10	Tak	11
238	15	5	11	13	Tak	11
239	15	5	11	16	Tak	11
240	15	5	11	19	Tak	11
241	16	5	12	22	Kos	11
242	16	5	12	1	Kos	11
243	16	5	12	4	Kos	11
244	16	5	12	7	Kos	11
245	16	5	12	10	Kos	11
246	16	5	12	13	Kos	11
247	16	5	12	16	Kos	11
248	16	5	12	19	Kos	11
249	16	5	12	22	Tak	11
250	16	5	12	1	Tak	11
251	16	5	12	4	Tak	11
252	16	5	12	7	Tak	11
253	16	5	12	10	Tak	11
254	16	5	12	13	Tak	11
255	16	5	12	16	Tak	11
256	16	5	12	19	Tak	11
257	17	5	13	22	Kos	11
258	17	5	13	1	Kos	11
259	17	5	13	4	Kos	11
260	17	5	13	7	Kos	11
261	17	5	13	10	Kos	11
262	17	5	13	13	Kos	11
263	17	5	13	16	Kos	11
264	17	5	13	19	Kos	11
265	17	5	13	22	Tak	11
266	17	5	13	1	Tak	11
267	17	5	13	4	Tak	11
268	17	5	13	7	Tak	11
269	17	5	13	10	Tak	11
270	17	5	13	13	Tak	11
271	17	5	13	16	Tak	11
272	17	5	13	19	Tak	11
273	18	5	14	22	Kos	11
274	18	5	14	1	Kos	11
275	18	5	14	4	Kos	11
276	18	5	14	7	Kos	11
277	18	5	14	10	Kos	11
278	18	5	14	13	Kos	11
279	18	5	14	16	Kos	11
280	18	5	14	19	Kos	11
281	18	5	14	22	Tak	11
282	18	5	14	1	Tak	11
283	18	5	14	4	Tak	11
284	18	5	14	7	Tak	11
285	18	5	14	10	Tak	11
286	18	5	14	13	Tak	11
287	18	5	14	16	Tak	11
288	18	5	14	19	Tak	11
289	19	5	15	22	Kos	12
290	19	5	15	1	Kos	12
291	19	5	15	4	Kos	12
292	19	5	15	7	Kos	12
293	19	5	15	10	Kos	12
294	19	5	15	13	Kos	12
295	19	5	15	16	Kos	12
296	19	5	15	19	Kos	12
297	19	5	15	22	Tak	12
298	19	5	15	1	Tak	12
299	19	5	15	4	Tak	12
300	19	5	15	7	Tak	12
301	19	5	15	10	Tak	12
302	19	5	15	13	Tak	12
303	19	5	15	16	Tak	12
304	19	5	15	19	Tak	12
305	20	5	16	22	Kos	12
306	20	5	16	1	Kos	12
307	20	5	16	4	Kos	12
308	20	5	16	7	Kos	12
309	20	5	16	10	Kos	12
310	20	5	16	13	Kos	12
311	20	5	16	16	Kos	12
312	20	5	16	19	Kos	12
313	20	5	16	22	Tak	12
314	20	5	16	1	Tak	12
315	20	5	16	4	Tak	12
316	20	5	16	7	Tak	12
317	20	5	16	10	Tak	12
318	20	5	16	13	Tak	12
319	20	5	16	16	Tak	12
320	20	5	16	19	Tak	12
321	21	5	18	22	Kos	12
322	21	5	18	1	Kos	12
323	21	5	18	4	Kos	12
324	21	5	18	7	Kos	12
325	21	5	18	10	Kos	12
326	21	5	18	13	Kos	12
327	21	5	18	16	Kos	12
328	21	5	18	19	Kos	12
329	21	5	18	22	Tak	12
330	21	5	18	1	Tak	12
331	21	5	18	4	Tak	12
332	21	5	18	7	Tak	12
333	21	5	18	10	Tak	12
334	21	5	18	13	Tak	12
335	21	5	18	16	Tak	12
336	21	5	18	19	Tak	12
337	22	6	21	22	Kos	12
338	22	6	21	1	Kos	12
339	22	6	21	4	Kos	12
340	22	6	21	7	Kos	12
341	22	6	21	10	Kos	12
342	22	6	21	13	Kos	12
343	22	6	21	16	Kos	12
344	22	6	21	19	Kos	12
345	22	6	21	22	Tak	12
346	22	6	21	1	Tak	12
347	22	6	21	4	Tak	12
348	22	6	21	7	Tak	12
349	22	6	21	10	Tak	12
350	22	6	21	13	Tak	12
351	22	6	21	16	Tak	12
352	22	6	21	19	Tak	12
353	23	5	20	22	Kos	12
354	23	5	20	1	Kos	12
355	23	5	20	4	Kos	12
356	23	5	20	7	Kos	12
357	23	5	20	10	Kos	12
358	23	5	20	13	Kos	12
359	23	5	20	16	Kos	12
360	23	5	20	19	Kos	12
361	23	5	20	22	Tak	12
362	23	5	20	1	Tak	12
363	23	5	20	4	Tak	12
364	23	5	20	7	Tak	12
365	23	5	20	10	Tak	12
366	23	5	20	13	Tak	12
367	23	5	20	16	Tak	12
368	23	5	20	19	Tak	12
369	24	5	22	22	Kos	13
370	24	5	22	1	Kos	13
371	24	5	22	4	Kos	13
372	24	5	22	7	Kos	13
373	24	5	22	10	Kos	13
374	24	5	22	13	Kos	13
375	24	5	22	16	Kos	13
376	24	5	22	19	Kos	13
377	24	5	22	22	Tak	13
378	24	5	22	1	Tak	13
379	24	5	22	4	Tak	13
380	24	5	22	7	Tak	13
381	24	5	22	10	Tak	13
382	24	5	22	13	Tak	13
383	24	5	22	16	Tak	13
384	24	5	22	19	Tak	13
385	25	6	3	22	Kos	13
386	25	6	3	1	Kos	13
387	25	6	3	4	Kos	13
388	25	6	3	7	Kos	13
389	25	6	3	10	Kos	13
390	25	6	3	13	Kos	13
391	25	6	3	16	Kos	13
392	25	6	3	19	Kos	13
393	25	6	3	22	Tak	13
394	25	6	3	1	Tak	13
395	25	6	3	4	Tak	13
396	25	6	3	7	Tak	13
397	25	6	3	10	Tak	13
398	25	6	3	13	Tak	13
399	25	6	3	16	Tak	13
400	25	6	3	19	Tak	13
401	26	5	25	22	Kos	13
402	26	5	25	1	Kos	13
403	26	5	25	4	Kos	13
404	26	5	25	7	Kos	13
405	26	5	25	10	Kos	13
406	26	5	25	13	Kos	13
407	26	5	25	16	Kos	13
408	26	5	25	19	Kos	13
409	26	5	25	22	Tak	13
410	26	5	25	1	Tak	13
411	26	5	25	4	Tak	13
412	26	5	25	7	Tak	13
413	26	5	25	10	Tak	13
414	26	5	25	13	Tak	13
415	26	5	25	16	Tak	13
416	26	5	25	19	Tak	13
417	27	5	26	22	Kos	13
418	27	5	26	1	Kos	13
419	27	5	26	4	Kos	13
420	27	5	26	7	Kos	13
421	27	5	26	10	Kos	13
422	27	5	26	13	Kos	13
423	27	5	26	16	Kos	13
424	27	5	26	19	Kos	13
425	27	5	26	22	Tak	13
426	27	5	26	1	Tak	13
427	27	5	26	4	Tak	13
428	27	5	26	7	Tak	13
429	27	5	26	10	Tak	13
430	27	5	26	13	Tak	13
431	27	5	26	16	Tak	13
432	27	5	26	19	Tak	13
433	28	5	28	22	Kos	13
434	28	5	28	1	Kos	13
435	28	5	28	4	Kos	13
436	28	5	28	7	Kos	13
437	28	5	28	10	Kos	13
438	28	5	28	13	Kos	13
439	28	5	28	16	Kos	13
440	28	5	28	19	Kos	13
441	28	5	28	22	Tak	13
442	28	5	28	1	Tak	13
443	28	5	28	4	Tak	13
444	28	5	28	7	Tak	13
445	28	5	28	10	Tak	13
446	28	5	28	13	Tak	13
447	28	5	28	16	Tak	13
448	28	5	28	19	Tak	13
449	29	6	9	22	Kos	14
450	29	6	9	1	Kos	14
451	29	6	9	4	Kos	14
452	29	6	9	7	Kos	14
453	29	6	9	10	Kos	14
454	29	6	9	13	Kos	14
455	29	6	9	16	Kos	14
456	29	6	9	19	Kos	14
457	29	6	9	22	Tak	14
458	29	6	9	1	Tak	14
459	29	6	9	4	Tak	14
460	29	6	9	7	Tak	14
461	29	6	9	10	Tak	14
462	29	6	9	13	Tak	14
463	29	6	9	16	Tak	14
464	29	6	9	19	Tak	14
465	30	6	10	22	Kos	14
466	30	6	10	1	Kos	14
467	30	6	10	4	Kos	14
468	30	6	10	7	Kos	14
469	30	6	10	10	Kos	14
470	30	6	10	13	Kos	14
471	30	6	10	16	Kos	14
472	30	6	10	19	Kos	14
473	30	6	10	22	Tak	14
474	30	6	10	1	Tak	14
475	30	6	10	4	Tak	14
476	30	6	10	7	Tak	14
477	30	6	10	10	Tak	14
478	30	6	10	13	Tak	14
479	30	6	10	16	Tak	14
480	30	6	10	19	Tak	14
481	31	6	11	22	Kos	14
482	31	6	11	1	Kos	14
483	31	6	11	4	Kos	14
484	31	6	11	7	Kos	14
485	31	6	11	10	Kos	14
486	31	6	11	13	Kos	14
487	31	6	11	16	Kos	14
488	31	6	11	19	Kos	14
489	31	6	11	22	Tak	14
490	31	6	11	1	Tak	14
491	31	6	11	4	Tak	14
492	31	6	11	7	Tak	14
493	31	6	11	10	Tak	14
494	31	6	11	13	Tak	14
495	31	6	11	16	Tak	14
496	31	6	11	19	Tak	14
497	32	6	12	22	Kos	14
498	32	6	12	1	Kos	14
499	32	6	12	4	Kos	14
500	32	6	12	7	Kos	14
501	32	6	12	10	Kos	14
502	32	6	12	13	Kos	14
503	32	6	12	16	Kos	14
504	32	6	12	19	Kos	14
505	32	6	12	22	Tak	14
506	32	6	12	1	Tak	14
507	32	6	12	4	Tak	14
508	32	6	12	7	Tak	14
509	32	6	12	10	Tak	14
510	32	6	12	13	Tak	14
511	32	6	12	16	Tak	14
512	32	6	12	19	Tak	14
513	33	6	13	22	Kos	14
514	33	6	13	1	Kos	14
515	33	6	13	4	Kos	14
516	33	6	13	7	Kos	14
517	33	6	13	10	Kos	14
518	33	6	13	13	Kos	14
519	33	6	13	16	Kos	14
520	33	6	13	19	Kos	14
521	33	6	13	22	Tak	14
522	33	6	13	1	Tak	14
523	33	6	13	4	Tak	14
524	33	6	13	7	Tak	14
525	33	6	13	10	Tak	14
526	33	6	13	13	Tak	14
527	33	6	13	16	Tak	14
528	33	6	13	19	Tak	14
529	34	6	14	22	Kos	15
530	34	6	14	1	Kos	15
531	34	6	14	4	Kos	15
532	34	6	14	7	Kos	15
533	34	6	14	10	Kos	15
534	34	6	14	13	Kos	15
535	34	6	14	16	Kos	15
536	34	6	14	19	Kos	15
537	34	6	14	22	Tak	15
538	34	6	14	1	Tak	15
539	34	6	14	4	Tak	15
540	34	6	14	7	Tak	15
541	34	6	14	10	Tak	15
542	34	6	14	13	Tak	15
543	34	6	14	16	Tak	15
544	34	6	14	19	Tak	15
545	35	6	15	22	Kos	15
546	35	6	15	1	Kos	15
547	35	6	15	4	Kos	15
548	35	6	15	7	Kos	15
549	35	6	15	10	Kos	15
550	35	6	15	13	Kos	15
551	35	6	15	16	Kos	15
552	35	6	15	19	Kos	15
553	35	6	15	22	Tak	15
554	35	6	15	1	Tak	15
555	35	6	15	4	Tak	15
556	35	6	15	7	Tak	15
557	35	6	15	10	Tak	15
558	35	6	15	13	Tak	15
559	35	6	15	16	Tak	15
560	35	6	15	19	Tak	15
561	36	6	16	22	Kos	15
562	36	6	16	1	Kos	15
563	36	6	16	4	Kos	15
564	36	6	16	7	Kos	15
565	36	6	16	10	Kos	15
566	36	6	16	13	Kos	15
567	36	6	16	16	Kos	15
568	36	6	16	19	Kos	15
569	36	6	16	22	Tak	15
570	36	6	16	1	Tak	15
571	36	6	16	4	Tak	15
572	36	6	16	7	Tak	15
573	36	6	16	10	Tak	15
574	36	6	16	13	Tak	15
575	36	6	16	16	Tak	15
576	36	6	16	19	Tak	15
577	37	3	1	22	Kos	1
578	37	3	1	1	Kos	1
579	37	3	1	4	Kos	1
580	37	3	1	7	Kos	1
581	37	3	1	10	Kos	1
582	37	3	1	13	Kos	1
583	37	3	1	16	Kos	1
584	37	3	1	19	Kos	1
585	37	3	1	22	Tak	1
586	37	3	1	1	Tak	1
587	37	3	1	4	Tak	1
588	37	3	1	7	Tak	1
589	37	3	1	10	Tak	1
590	37	3	1	13	Tak	1
591	37	3	1	16	Tak	1
592	37	3	1	19	Tak	1
593	38	3	21	22	Kos	1
594	38	3	21	1	Kos	1
595	38	3	21	4	Kos	1
596	38	3	21	7	Kos	1
597	38	3	21	10	Kos	1
598	38	3	21	13	Kos	1
599	38	3	21	16	Kos	1
600	38	3	21	19	Kos	1
601	38	3	21	22	Tak	1
602	38	3	21	1	Tak	1
603	38	3	21	4	Tak	1
604	38	3	21	7	Tak	1
605	38	3	21	10	Tak	1
606	38	3	21	13	Tak	1
607	38	3	21	16	Tak	1
608	38	3	21	19	Tak	1
609	39	3	3	22	Kos	1
610	39	3	3	1	Kos	1
611	39	3	3	4	Kos	1
612	39	3	3	7	Kos	1
613	39	3	3	10	Kos	1
614	39	3	3	13	Kos	1
615	39	3	3	16	Kos	1
616	39	3	3	19	Kos	1
617	39	3	3	22	Tak	1
618	39	3	3	1	Tak	1
619	39	3	3	4	Tak	1
620	39	3	3	7	Tak	1
621	39	3	3	10	Tak	1
622	39	3	3	13	Tak	1
623	39	3	3	16	Tak	1
624	39	3	3	19	Tak	1
625	40	3	4	22	Kos	1
626	40	3	4	1	Kos	1
627	40	3	4	4	Kos	1
628	40	3	4	7	Kos	1
629	40	3	4	10	Kos	1
630	40	3	4	13	Kos	1
631	40	3	4	16	Kos	1
632	40	3	4	19	Kos	1
633	40	3	4	22	Tak	1
634	40	3	4	1	Tak	1
635	40	3	4	4	Tak	1
636	40	3	4	7	Tak	1
637	40	3	4	10	Tak	1
638	40	3	4	13	Tak	1
639	40	3	4	16	Tak	1
640	40	3	4	19	Tak	1
641	41	3	6	22	Kos	1
642	41	3	6	1	Kos	1
643	41	3	6	4	Kos	1
644	41	3	6	7	Kos	1
645	41	3	6	10	Kos	1
646	41	3	6	13	Kos	1
647	41	3	6	16	Kos	1
648	41	3	6	19	Kos	1
649	41	3	6	22	Tak	1
650	41	3	6	1	Tak	1
651	41	3	6	4	Tak	1
652	41	3	6	7	Tak	1
653	41	3	6	10	Tak	1
654	41	3	6	13	Tak	1
655	41	3	6	16	Tak	1
656	41	3	6	19	Tak	1
657	42	3	7	22	Kos	2
658	42	3	7	1	Kos	2
659	42	3	7	4	Kos	2
660	42	3	7	7	Kos	2
661	42	3	7	10	Kos	2
662	42	3	7	13	Kos	2
663	42	3	7	16	Kos	2
664	42	3	7	19	Kos	2
665	42	3	7	22	Tak	2
666	42	3	7	1	Tak	2
667	42	3	7	4	Tak	2
668	42	3	7	7	Tak	2
669	42	3	7	10	Tak	2
670	42	3	7	13	Tak	2
671	42	3	7	16	Tak	2
672	42	3	7	19	Tak	2
673	43	3	8	22	Kos	2
674	43	3	8	1	Kos	2
675	43	3	8	4	Kos	2
676	43	3	8	7	Kos	2
677	43	3	8	10	Kos	2
678	43	3	8	13	Kos	2
679	43	3	8	16	Kos	2
680	43	3	8	19	Kos	2
681	43	3	8	22	Tak	2
682	43	3	8	1	Tak	2
683	43	3	8	4	Tak	2
684	43	3	8	7	Tak	2
685	43	3	8	10	Tak	2
686	43	3	8	13	Tak	2
687	43	3	8	16	Tak	2
688	43	3	8	19	Tak	2
689	44	3	9	22	Kos	2
690	44	3	9	1	Kos	2
691	44	3	9	4	Kos	2
692	44	3	9	7	Kos	2
693	44	3	9	10	Kos	2
694	44	3	9	13	Kos	2
695	44	3	9	16	Kos	2
696	44	3	9	19	Kos	2
697	44	3	9	22	Tak	2
698	44	3	9	1	Tak	2
699	44	3	9	4	Tak	2
700	44	3	9	7	Tak	2
701	44	3	9	10	Tak	2
702	44	3	9	13	Tak	2
703	44	3	9	16	Tak	2
704	44	3	9	19	Tak	2
705	45	3	10	22	Kos	2
706	45	3	10	1	Kos	2
707	45	3	10	4	Kos	2
708	45	3	10	7	Kos	2
709	45	3	10	10	Kos	2
710	45	3	10	13	Kos	2
711	45	3	10	16	Kos	2
712	45	3	10	19	Kos	2
713	45	3	10	22	Tak	2
714	45	3	10	1	Tak	2
715	45	3	10	4	Tak	2
716	45	3	10	7	Tak	2
717	45	3	10	10	Tak	2
718	45	3	10	13	Tak	2
719	45	3	10	16	Tak	2
720	45	3	10	19	Tak	2
721	46	3	11	22	Kos	2
722	46	3	11	1	Kos	2
723	46	3	11	4	Kos	2
724	46	3	11	7	Kos	2
725	46	3	11	10	Kos	2
726	46	3	11	13	Kos	2
727	46	3	11	16	Kos	2
728	46	3	11	19	Kos	2
729	46	3	11	22	Tak	2
730	46	3	11	1	Tak	2
731	46	3	11	4	Tak	2
732	46	3	11	7	Tak	2
733	46	3	11	10	Tak	2
734	46	3	11	13	Tak	2
735	46	3	11	16	Tak	2
736	46	3	11	19	Tak	2
737	47	3	12	22	Kos	3
738	47	3	12	1	Kos	3
739	47	3	12	4	Kos	3
740	47	3	12	7	Kos	3
741	47	3	12	10	Kos	3
742	47	3	12	13	Kos	3
743	47	3	12	16	Kos	3
744	47	3	12	19	Kos	3
745	47	3	12	22	Tak	3
746	47	3	12	1	Tak	3
747	47	3	12	4	Tak	3
748	47	3	12	7	Tak	3
749	47	3	12	10	Tak	3
750	47	3	12	13	Tak	3
751	47	3	12	16	Tak	3
752	47	3	12	19	Tak	3
753	48	3	15	22	Kos	3
754	48	3	15	1	Kos	3
755	48	3	15	4	Kos	3
756	48	3	15	7	Kos	3
757	48	3	15	10	Kos	3
758	48	3	15	13	Kos	3
759	48	3	15	16	Kos	3
760	48	3	15	19	Kos	3
761	48	3	15	22	Tak	3
762	48	3	15	1	Tak	3
763	48	3	15	4	Tak	3
764	48	3	15	7	Tak	3
765	48	3	15	10	Tak	3
766	48	3	15	13	Tak	3
767	48	3	15	16	Tak	3
768	48	3	15	19	Tak	3
769	49	3	16	22	Kos	3
770	49	3	16	1	Kos	3
771	49	3	16	4	Kos	3
772	49	3	16	7	Kos	3
773	49	3	16	10	Kos	3
774	49	3	16	13	Kos	3
775	49	3	16	16	Kos	3
776	49	3	16	19	Kos	3
777	49	3	16	22	Tak	3
778	49	3	16	1	Tak	3
779	49	3	16	4	Tak	3
780	49	3	16	7	Tak	3
781	49	3	16	10	Tak	3
782	49	3	16	13	Tak	3
783	49	3	16	16	Tak	3
784	49	3	16	19	Tak	3
785	50	3	17	22	Kos	3
786	50	3	17	1	Kos	3
787	50	3	17	4	Kos	3
788	50	3	17	7	Kos	3
789	50	3	17	10	Kos	3
790	50	3	17	13	Kos	3
791	50	3	17	16	Kos	3
792	50	3	17	19	Kos	3
793	50	3	17	22	Tak	3
794	50	3	17	1	Tak	3
795	50	3	17	4	Tak	3
796	50	3	17	7	Tak	3
797	50	3	17	10	Tak	3
798	50	3	17	13	Tak	3
799	50	3	17	16	Tak	3
800	50	3	17	19	Tak	3
801	51	3	18	22	Kos	3
802	51	3	18	1	Kos	3
803	51	3	18	4	Kos	3
804	51	3	18	7	Kos	3
805	51	3	18	10	Kos	3
806	51	3	18	13	Kos	3
807	51	3	18	16	Kos	3
808	51	3	18	19	Kos	3
809	51	3	18	22	Tak	3
810	51	3	18	1	Tak	3
811	51	3	18	4	Tak	3
812	51	3	18	7	Tak	3
813	51	3	18	10	Tak	3
814	51	3	18	13	Tak	3
815	51	3	18	16	Tak	3
816	51	3	18	19	Tak	3
817	52	3	19	22	Kos	4
818	52	3	19	1	Kos	4
819	52	3	19	4	Kos	4
820	52	3	19	7	Kos	4
821	52	3	19	10	Kos	4
822	52	3	19	13	Kos	4
823	52	3	19	16	Kos	4
824	52	3	19	19	Kos	4
825	52	3	19	22	Tak	4
826	52	3	19	1	Tak	4
827	52	3	19	4	Tak	4
828	52	3	19	7	Tak	4
829	52	3	19	10	Tak	4
830	52	3	19	13	Tak	4
831	52	3	19	16	Tak	4
832	52	3	19	19	Tak	4
833	53	4	1	22	Kos	4
834	53	4	1	1	Kos	4
835	53	4	1	4	Kos	4
836	53	4	1	7	Kos	4
837	53	4	1	10	Kos	4
838	53	4	1	13	Kos	4
839	53	4	1	16	Kos	4
840	53	4	1	19	Kos	4
841	53	4	1	22	Tak	4
842	53	4	1	1	Tak	4
843	53	4	1	4	Tak	4
844	53	4	1	7	Tak	4
845	53	4	1	10	Tak	4
846	53	4	1	13	Tak	4
847	53	4	1	16	Tak	4
848	53	4	1	19	Tak	4
849	54	4	21	22	Kos	4
850	54	4	21	1	Kos	4
851	54	4	21	4	Kos	4
852	54	4	21	7	Kos	4
853	54	4	21	10	Kos	4
854	54	4	21	13	Kos	4
855	54	4	21	16	Kos	4
856	54	4	21	19	Kos	4
857	54	4	21	22	Tak	4
858	54	4	21	1	Tak	4
859	54	4	21	4	Tak	4
860	54	4	21	7	Tak	4
861	54	4	21	10	Tak	4
862	54	4	21	13	Tak	4
863	54	4	21	16	Tak	4
864	54	4	21	19	Tak	4
865	55	4	3	22	Kos	4
866	55	4	3	1	Kos	4
867	55	4	3	4	Kos	4
868	55	4	3	7	Kos	4
869	55	4	3	10	Kos	4
870	55	4	3	13	Kos	4
871	55	4	3	16	Kos	4
872	55	4	3	19	Kos	4
873	55	4	3	22	Tak	4
874	55	4	3	1	Tak	4
875	55	4	3	4	Tak	4
876	55	4	3	7	Tak	4
877	55	4	3	10	Tak	4
878	55	4	3	13	Tak	4
879	55	4	3	16	Tak	4
880	55	4	3	19	Tak	4
881	56	4	4	22	Kos	4
882	56	4	4	1	Kos	4
883	56	4	4	4	Kos	4
884	56	4	4	7	Kos	4
885	56	4	4	10	Kos	4
886	56	4	4	13	Kos	4
887	56	4	4	16	Kos	4
888	56	4	4	19	Kos	4
889	56	4	4	22	Tak	4
890	56	4	4	1	Tak	4
891	56	4	4	4	Tak	4
892	56	4	4	7	Tak	4
893	56	4	4	10	Tak	4
894	56	4	4	13	Tak	4
895	56	4	4	16	Tak	4
896	56	4	4	19	Tak	4
897	57	4	5	22	Kos	5
898	57	4	5	1	Kos	5
899	57	4	5	4	Kos	5
900	57	4	5	7	Kos	5
901	57	4	5	10	Kos	5
902	57	4	5	13	Kos	5
903	57	4	5	16	Kos	5
904	57	4	5	19	Kos	5
905	57	4	5	22	Tak	5
906	57	4	5	1	Tak	5
907	57	4	5	4	Tak	5
908	57	4	5	7	Tak	5
909	57	4	5	10	Tak	5
910	57	4	5	13	Tak	5
911	57	4	5	16	Tak	5
912	57	4	5	19	Tak	5
913	58	4	6	22	Kos	5
914	58	4	6	1	Kos	5
915	58	4	6	4	Kos	5
916	58	4	6	7	Kos	5
917	58	4	6	10	Kos	5
918	58	4	6	13	Kos	5
919	58	4	6	16	Kos	5
920	58	4	6	19	Kos	5
921	58	4	6	22	Tak	5
922	58	4	6	1	Tak	5
923	58	4	6	4	Tak	5
924	58	4	6	7	Tak	5
925	58	4	6	10	Tak	5
926	58	4	6	13	Tak	5
927	58	4	6	16	Tak	5
928	58	4	6	19	Tak	5
929	59	4	7	22	Kos	5
930	59	4	7	1	Kos	5
931	59	4	7	4	Kos	5
932	59	4	7	7	Kos	5
933	59	4	7	10	Kos	5
934	59	4	7	13	Kos	5
935	59	4	7	16	Kos	5
936	59	4	7	19	Kos	5
937	59	4	7	22	Tak	5
938	59	4	7	1	Tak	5
939	59	4	7	4	Tak	5
940	59	4	7	7	Tak	5
941	59	4	7	10	Tak	5
942	59	4	7	13	Tak	5
943	59	4	7	16	Tak	5
944	59	4	7	19	Tak	5
945	60	4	8	22	Kos	5
946	60	4	8	1	Kos	5
947	60	4	8	4	Kos	5
948	60	4	8	7	Kos	5
949	60	4	8	10	Kos	5
950	60	4	8	13	Kos	5
951	60	4	8	16	Kos	5
952	60	4	8	19	Kos	5
953	60	4	8	22	Tak	5
954	60	4	8	1	Tak	5
955	60	4	8	4	Tak	5
956	60	4	8	7	Tak	5
957	60	4	8	10	Tak	5
958	60	4	8	13	Tak	5
959	60	4	8	16	Tak	5
960	60	4	8	19	Tak	5
961	61	4	9	22	Kos	5
962	61	4	9	1	Kos	5
963	61	4	9	4	Kos	5
964	61	4	9	7	Kos	5
965	61	4	9	10	Kos	5
966	61	4	9	13	Kos	5
967	61	4	9	16	Kos	5
968	61	4	9	19	Kos	5
969	61	4	9	22	Tak	5
970	61	4	9	1	Tak	5
971	61	4	9	4	Tak	5
972	61	4	9	7	Tak	5
973	61	4	9	10	Tak	5
974	61	4	9	13	Tak	5
975	61	4	9	16	Tak	5
976	61	4	9	19	Tak	5
977	62	4	10	22	Kos	6
978	62	4	10	1	Kos	6
979	62	4	10	4	Kos	6
980	62	4	10	7	Kos	6
981	62	4	10	10	Kos	6
982	62	4	10	13	Kos	6
983	62	4	10	16	Kos	6
984	62	4	10	19	Kos	6
985	62	4	10	22	Tak	6
986	62	4	10	1	Tak	6
987	62	4	10	4	Tak	6
988	62	4	10	7	Tak	6
989	62	4	10	10	Tak	6
990	62	4	10	13	Tak	6
991	62	4	10	16	Tak	6
992	62	4	10	19	Tak	6
993	63	4	11	22	Kos	6
994	63	4	11	1	Kos	6
995	63	4	11	4	Kos	6
996	63	4	11	7	Kos	6
997	63	4	11	10	Kos	6
998	63	4	11	13	Kos	6
999	63	4	11	16	Kos	6
1000	63	4	11	19	Kos	6
1001	63	4	11	22	Tak	6
1002	63	4	11	1	Tak	6
1003	63	4	11	4	Tak	6
1004	63	4	11	7	Tak	6
1005	63	4	11	10	Tak	6
1006	63	4	11	13	Tak	6
1007	63	4	11	16	Tak	6
1008	63	4	11	19	Tak	6
1009	64	4	12	22	Kos	6
1010	64	4	12	1	Kos	6
1011	64	4	12	4	Kos	6
1012	64	4	12	7	Kos	6
1013	64	4	12	10	Kos	6
1014	64	4	12	13	Kos	6
1015	64	4	12	16	Kos	6
1016	64	4	12	19	Kos	6
1017	64	4	12	22	Tak	6
1018	64	4	12	1	Tak	6
1019	64	4	12	4	Tak	6
1020	64	4	12	7	Tak	6
1021	64	4	12	10	Tak	6
1022	64	4	12	13	Tak	6
1023	64	4	12	16	Tak	6
1024	64	4	12	19	Tak	6
1025	65	4	13	22	Kos	6
1026	65	4	13	1	Kos	6
1027	65	4	13	4	Kos	6
1028	65	4	13	7	Kos	6
1029	65	4	13	10	Kos	6
1030	65	4	13	13	Kos	6
1031	65	4	13	16	Kos	6
1032	65	4	13	19	Kos	6
1033	65	4	13	22	Tak	6
1034	65	4	13	1	Tak	6
1035	65	4	13	4	Tak	6
1036	65	4	13	7	Tak	6
1037	65	4	13	10	Tak	6
1038	65	4	13	13	Tak	6
1039	65	4	13	16	Tak	6
1040	65	4	13	19	Tak	6
1041	66	4	14	22	Kos	6
1042	66	4	14	1	Kos	6
1043	66	4	14	4	Kos	6
1044	66	4	14	7	Kos	6
1045	66	4	14	10	Kos	6
1046	66	4	14	13	Kos	6
1047	66	4	14	16	Kos	6
1048	66	4	14	19	Kos	6
1049	66	4	14	22	Tak	6
1050	66	4	14	1	Tak	6
1051	66	4	14	4	Tak	6
1052	66	4	14	7	Tak	6
1053	66	4	14	10	Tak	6
1054	66	4	14	13	Tak	6
1055	66	4	14	16	Tak	6
1056	66	4	14	19	Tak	6
1057	67	4	15	22	Kos	7
1058	67	4	15	1	Kos	7
1059	67	4	15	4	Kos	7
1060	67	4	15	7	Kos	7
1061	67	4	15	10	Kos	7
1062	67	4	15	13	Kos	7
1063	67	4	15	16	Kos	7
1064	67	4	15	19	Kos	7
1065	67	4	15	22	Tak	7
1066	67	4	15	1	Tak	7
1067	67	4	15	4	Tak	7
1068	67	4	15	7	Tak	7
1069	67	4	15	10	Tak	7
1070	67	4	15	13	Tak	7
1071	67	4	15	16	Tak	7
1072	67	4	15	19	Tak	7
1073	68	4	16	22	Kos	7
1074	68	4	16	1	Kos	7
1075	68	4	16	4	Kos	7
1076	68	4	16	7	Kos	7
1077	68	4	16	10	Kos	7
1078	68	4	16	13	Kos	7
1079	68	4	16	16	Kos	7
1080	68	4	16	19	Kos	7
1081	68	4	16	22	Tak	7
1082	68	4	16	1	Tak	7
1083	68	4	16	4	Tak	7
1084	68	4	16	7	Tak	7
1085	68	4	16	10	Tak	7
1086	68	4	16	13	Tak	7
1087	68	4	16	16	Tak	7
1088	68	4	16	19	Tak	7
1089	69	6	26	22	Kos	7
1090	69	6	26	1	Kos	7
1091	69	6	26	4	Kos	7
1092	69	6	26	7	Kos	7
1093	69	6	26	10	Kos	7
1094	69	6	26	13	Kos	7
1095	69	6	26	16	Kos	7
1096	69	6	26	19	Kos	7
1097	69	6	26	22	Tak	7
1098	69	6	26	1	Tak	7
1099	69	6	26	4	Tak	7
1100	69	6	26	7	Tak	7
1101	69	6	26	10	Tak	7
1102	69	6	26	13	Tak	7
1103	69	6	26	16	Tak	7
1104	69	6	26	19	Tak	7
1105	70	4	18	22	Kos	7
1106	70	4	18	1	Kos	7
1107	70	4	18	4	Kos	7
1108	70	4	18	7	Kos	7
1109	70	4	18	10	Kos	7
1110	70	4	18	13	Kos	7
1111	70	4	18	16	Kos	7
1112	70	4	18	19	Kos	7
1113	70	4	18	22	Tak	7
1114	70	4	18	1	Tak	7
1115	70	4	18	4	Tak	7
1116	70	4	18	7	Tak	7
1117	70	4	18	10	Tak	7
1118	70	4	18	13	Tak	7
1119	70	4	18	16	Tak	7
1120	70	4	18	19	Tak	7
1121	71	4	19	22	Kos	7
1122	71	4	19	1	Kos	7
1123	71	4	19	4	Kos	7
1124	71	4	19	7	Kos	7
1125	71	4	19	10	Kos	7
1126	71	4	19	13	Kos	7
1127	71	4	19	16	Kos	7
1128	71	4	19	19	Kos	7
1129	71	4	19	22	Tak	7
1130	71	4	19	1	Tak	7
1131	71	4	19	4	Tak	7
1132	71	4	19	7	Tak	7
1133	71	4	19	10	Tak	7
1134	71	4	19	13	Tak	7
1135	71	4	19	16	Tak	7
1136	71	4	19	19	Tak	7
1137	72	4	20	22	Kos	8
1138	72	4	20	1	Kos	8
1139	72	4	20	4	Kos	8
1140	72	4	20	7	Kos	8
1141	72	4	20	10	Kos	8
1142	72	4	20	13	Kos	8
1143	72	4	20	16	Kos	8
1144	72	4	20	19	Kos	8
1145	72	4	20	22	Tak	8
1146	72	4	20	1	Tak	8
1147	72	4	20	4	Tak	8
1148	72	4	20	7	Tak	8
1149	72	4	20	10	Tak	8
1150	72	4	20	13	Tak	8
1151	72	4	20	16	Tak	8
1152	72	4	20	19	Tak	8
1153	73	6	28	22	Kos	8
1154	73	6	28	1	Kos	8
1155	73	6	28	4	Kos	8
1156	73	6	28	7	Kos	8
1157	73	6	28	10	Kos	8
1158	73	6	28	13	Kos	8
1159	73	6	28	16	Kos	8
1160	73	6	28	19	Kos	8
1161	73	6	28	22	Tak	8
1162	73	6	28	1	Tak	8
1163	73	6	28	4	Tak	8
1164	73	6	28	7	Tak	8
1165	73	6	28	10	Tak	8
1166	73	6	28	13	Tak	8
1167	73	6	28	16	Tak	8
1168	73	6	28	19	Tak	8
